[{"3D_dimension": {"l": 4.513522624969482, "w": 2.006814479827881, "h": 1.5248334407806396}, "3D_location": {"x": -40.83254804229641, "y": 0.6163303852081299, "z": 351.96885968291707}, "rotation_matrix": [[0.9995796078445603, -0.028993233371168794, -2.3770402952728966e-19], [6.296577084611139e-19, 6.548972158934277e-18, -1.0], [0.028993233371168794, 0.9995796078445603, -6.548972158934277e-18]]}, {"3D_dimension": {"l": 4.1928300857543945, "w": 1.8161858320236206, "h": 1.4738311767578125}, "3D_location": {"x": 77.25948472824862, "y": 0.540784053504467, "z": 275.35225309873005}, "rotation_matrix": [[-0.030809153026949816, -0.9995252378900066, -0.00030807578265174706], [0.009998988979761812, -5.720086367591991e-17, -0.9999500088601343], [0.99947527048404, -0.030810693288627383, 0.009994241838655995]]}, {"3D_dimension": {"l": 5.357479572296143, "w": 2.033203125, "h": 1.4106584787368774}, "3D_location": {"x": 132.7742404276468, "y": 0.673417866230011, "z": 289.8792206005133}, "rotation_matrix": [[-0.6791795563604844, -0.7339721590237435, 7.660878568264258e-18], [-2.0094697047364655e-17, 1.2613415065620197e-17, -1.0], [0.7339721590237435, -0.6791795563604843, 1.2643727421942597e-18]]}, {"3D_dimension": {"l": 3.987684965133667, "w": 1.8508483171463013, "h": 1.6171096563339233}, "3D_location": {"x": 28.733171743804597, "y": 0.570192277431488, "z": 291.64051778854065}, "rotation_matrix": [[-0.9987979770176526, 0.04901633508785095, -3.973719379669479e-20], [-3.973719379669479e-20, -1.9212625355052196e-17, -0.9999999999999999], [-0.04901633508785095, -0.9987979770176526, -1.9222341659558936e-17]]}, {"3D_dimension": {"l": 1.8354405164718628, "w": 0.0, "h": 1.1256572008132935}, "3D_location": {"x": 10.6208224001141, "y": 0.815918505191803, "z": 22.479994617388684}, "rotation_matrix": [[-0.999989391473361, 0.0046061850524584625, -5.727386017823566e-20], [1.5956657431886522e-19, 2.2805394653585765e-18, -1.0000000000000002], [-0.0046061850524584625, -0.9999893914733609, 2.2803094391322037e-18]]}, {"3D_dimension": {"l": 4.974244117736816, "w": 2.0384013652801514, "h": 1.5542958974838257}, "3D_location": {"x": 57.94651120017277, "y": 0.6015991568565369, "z": 339.7957863254636}, "rotation_matrix": [[0.6038435163072843, 0.7971028840831368, 3.731592225481099e-18], [3.731592225481099e-18, 3.508774746515429e-18, -0.9999999999999999], [-0.7971028840831368, 0.6038435163072842, -3.508774746515429e-18]]}, {"3D_dimension": {"l": 3.633375883102417, "w": 1.845113754272461, "h": 1.50146484375}, "3D_location": {"x": -32.66689467308336, "y": 0.6380146834999323, "z": 149.38023815471644}, "rotation_matrix": [[0.9712049282189809, 0.23824564508750967, -2.0530097641352897e-18], [4.885884139771939e-18, -7.379948946481443e-18, -0.9999999999999999], [-0.23824564508750967, 0.971204928218981, 7.379948946481443e-18]]}, {"3D_dimension": {"l": 5.357479572296143, "w": 2.033203125, "h": 1.4106584787368774}, "3D_location": {"x": 40.102661205314504, "y": 0.673417866230011, "z": 154.18540771949543}, "rotation_matrix": [[0.9997796515783047, -0.020991624281208616, 3.842315444991636e-19], [-4.831301934892399e-19, 2.7533011663535752e-17, -0.9999999999999998], [0.020991624281208616, 0.9997796515783046, -2.7533011663535752e-17]]}, {"3D_dimension": {"l": 4.717525005340576, "w": 1.894826889038086, "h": 1.300939917564392}, "3D_location": {"x": 35.66479601704454, "y": 0.7282771468162537, "z": 292.00651826942504}, "rotation_matrix": [[-0.9988203247349416, 0.04855881893523908, 5.135699321004548e-19], [-1.2211535438763523e-18, 1.4022640559115468e-17, -0.9999999999999999], [-0.04855881893523908, -0.9988203247349418, 1.4058195708259097e-17]]}, {"3D_dimension": {"l": 3.987684965133667, "w": 1.8508483171463013, "h": 1.6171096563339233}, "3D_location": {"x": 54.41304585512436, "y": 0.570192277431488, "z": 154.48587007903163}, "rotation_matrix": [[0.9997796515783047, -0.020991624281208616, 3.842315444991636e-19], [-4.831301934892399e-19, 2.7533011663535752e-17, -0.9999999999999998], [0.020991624281208616, 0.9997796515783046, -2.7533011663535752e-17]]}, {"3D_dimension": {"l": 4.974244117736816, "w": 2.0384013652801514, "h": 1.5542958974838257}, "3D_location": {"x": 111.53364954901407, "y": 0.6015991568565369, "z": 295.6111715395437}, "rotation_matrix": [[-0.9999435784105325, 0.010622617169950763, 5.565564677397916e-20], [5.565564677397916e-20, -1.0735203893122819e-17, -1.0], [-0.010622617169950763, -0.9999435784105324, -1.0735387253879186e-17]]}, {"3D_dimension": {"l": 4.611005783081055, "w": 2.241713285446167, "h": 1.6672759056091309}, "3D_location": {"x": 77.82837763093787, "y": 0.1564575433731079, "z": 255.6401690884972}, "rotation_matrix": [[-0.028215429400341902, -0.9996018256904936, -0.00028217013751381565], [0.010000061472655456, -6.473698908948545e-17, -0.9999499981351783], [0.99955184373513, -0.028216840294975964, 0.00999607970508357]]}, {"3D_dimension": {"l": 4.1928300857543945, "w": 1.8161858320236206, "h": 1.4738311767578125}, "3D_location": {"x": 65.7315916640193, "y": 0.499740794301033, "z": 189.3624855475948}, "rotation_matrix": [[0.02843157591970317, 0.9995955792998841, 0.0005686254046648503], [0.01999578629547723, 1.9945209730061544e-17, -0.9998000642780661], [-0.999395724436095, 0.02843726154411984, -0.0199876995855843]]}, {"3D_dimension": {"l": 1.6428436040878296, "w": 0.0, "h": 1.0239027738571167}, "3D_location": {"x": 75.26046191500458, "y": 0.7785051316022873, "z": 276.58175417187255}, "rotation_matrix": [[-0.03207972066808703, -0.999485261833075, -0.00032078080963232895], [0.009998988979761893, -4.160279670767293e-17, -0.9999500088601347], [0.999435296425557, -0.032081324450064716, 0.009993842118503344]]}, {"3D_dimension": {"l": 3.805800199508667, "w": 1.97027587890625, "h": 1.4750303030014038}, "3D_location": {"x": 12.156427674452699, "y": 0.6412319540977478, "z": 20.563294080863567}, "rotation_matrix": [[-0.999989391473361, 0.0046061850524584625, -5.727386017823566e-20], [1.5956657431886522e-19, 2.2805394653585765e-18, -1.0000000000000002], [-0.0046061850524584625, -0.9999893914733609, 2.2803094391322037e-18]]}, {"3D_dimension": {"l": 4.901683330535889, "w": 2.128324270248413, "h": 1.5107464790344238}, "3D_location": {"x": 119.6131638507911, "y": 0.6233738660812378, "z": 207.89416541166224}, "rotation_matrix": [[0.7002251219705367, -0.7139221095899378, 1.23151214690045e-17], [-1.5440454146624413e-17, -1.3903663496796586e-17, -1.0000000000000002], [0.7139221095899378, 0.7002251219705368, 1.3903663496796586e-17]]}, {"3D_dimension": {"l": 4.1928300857543945, "w": 1.8161858320236206, "h": 1.4738311767578125}, "3D_location": {"x": 123.79745446256561, "y": 0.6418315172195435, "z": 292.57938470966604}, "rotation_matrix": [[-0.8811871671222616, -0.47276757132764863, -5.940222271936726e-18], [7.93756553587773e-18, 2.5441448126495777e-17, -1.0], [0.47276757132764863, -0.8811871671222616, 2.6600256152808436e-17]]}, {"3D_dimension": {"l": 1.8354405164718628, "w": 0.0, "h": 1.1256572008132935}, "3D_location": {"x": 98.68276663641207, "y": 0.815918505191803, "z": 158.91144281428674}, "rotation_matrix": [[-0.9997757524792197, 0.02117651422236048, 4.0192964113912705e-20], [4.0192964113912705e-20, 2.6801393397526598e-17, -0.9999999999999999], [-0.02117651422236048, -0.9997757524792198, 2.6798851504725528e-17]]}, {"3D_dimension": {"l": 4.855708599090576, "w": 2.0327565670013428, "h": 1.6493593454360962}, "3D_location": {"x": 21.1878849536505, "y": 0.5540674328804016, "z": 332.6954754862314}, "rotation_matrix": [[0.854363737368755, -0.5196754797652986, 8.886489765564762e-18], [-1.8869085850064152e-17, -7.446301823336442e-18, -1.0000000000000002], [0.5196754797652986, 0.8543637373687551, 7.446301823336442e-18]]}, {"3D_dimension": {"l": 4.974244117736816, "w": 2.0384013652801514, "h": 1.5542958974838257}, "3D_location": {"x": 69.08344613966051, "y": 0.3994039297103882, "z": 194.56628735802178}, "rotation_matrix": [[0.029520967135554473, 0.9995641176789188, 0.000295208649027289], [0.009999465412105772, 1.0116909624011473e-16, -0.999950004095941], [-0.9995141435671904, 0.0295224431367891, -0.009995106821912396]]}, {"3D_dimension": {"l": 1.6428436040878296, "w": 0.0, "h": 1.0239027738571167}, "3D_location": {"x": -88.38412609494567, "y": 0.1245383620262146, "z": 133.14427114673686}, "rotation_matrix": [[-0.07598050536363656, 0.9970804005357867, 0.00759194784503026], [-0.09942468561241259, -7.4505802731636605e-09, -0.995045090380769], [-0.9921399572114609, -0.07635885585441414, 0.09913440591966788]]}, {"3D_dimension": {"l": 3.805800199508667, "w": 1.97027587890625, "h": 1.4750303030014038}, "3D_location": {"x": -10.059332710448238, "y": 0.595436055213213, "z": 20.486164836375533}, "rotation_matrix": [[0.9057155194448637, -0.42387463923925484, 0.00311256269213636], [0.003436558412665348, -5.82076027036956e-11, -0.9999940950157038], [0.42387213626634773, 0.9057208677124491, 0.001456669904673585]]}, {"3D_dimension": {"l": 1.6428436040878296, "w": 0.0, "h": 1.0239027738571167}, "3D_location": {"x": -31.742472312183704, "y": 0.8667957186698914, "z": 350.47675508303575}, "rotation_matrix": [[0.9994906048450162, -0.03191442975432268, -3.306649089410102e-19], [-3.306649089410102e-19, -1.8296752745536928e-17, -1.0], [0.03191442975432268, 0.9994906048450163, 1.8296752745536928e-17]]}, {"3D_dimension": {"l": 4.974244117736816, "w": 2.0384013652801514, "h": 1.5542958974838257}, "3D_location": {"x": -33.351411730991025, "y": 0.6015991568565369, "z": 348.550654800939}, "rotation_matrix": [[0.9995508568541253, -0.02996805903264599, -3.629160972362352e-19], [5.044456407521684e-19, 2.5599929789689645e-17, -1.0], [0.02996805903264599, 0.9995508568541253, -2.5599929789689645e-17]]}, {"3D_dimension": {"l": 4.1928300857543945, "w": 1.8161858320236206, "h": 1.4738311767578125}, "3D_location": {"x": -212.4760227661193, "y": -1.892583966255188, "z": 347.87641674262414}, "rotation_matrix": [[-0.9011172506741619, 0.43323636939874155, -0.017144934168347923], [0.019022864961675618, -9.685896018828845e-17, -0.9998190489326807], [-0.4331579748152972, -0.9012803383133338, -0.008241396951558759]]}, {"3D_dimension": {"l": 3.705369472503662, "w": 1.7886788845062256, "h": 1.5470870733261108}, "3D_location": {"x": 126.13215455749148, "y": 0.6052035689353943, "z": 295.29667143966975}, "rotation_matrix": [[-0.8655662431860276, -0.5007944475099805, 4.141559282761213e-18], [4.141559282761213e-18, -1.7673463172989593e-17, -1.0], [0.5007944475099805, -0.8655662431860276, -1.702100634654655e-17]]}, {"3D_dimension": {"l": 4.974244117736816, "w": 2.0384013652801514, "h": 1.5542958974838257}, "3D_location": {"x": 17.71249704001524, "y": 0.6015991568565369, "z": 353.6357563797352}, "rotation_matrix": [[0.9995963249260941, -0.028411040006420297, -4.157871295744581e-19], [4.515746084139455e-19, -1.3573146729240511e-17, -1.0], [0.028411040006420297, 0.9995963249260942, 1.3573146729240511e-17]]}, {"3D_dimension": {"l": 4.6045098304748535, "w": 1.9315931797027588, "h": 1.8548461198806763}, "3D_location": {"x": 98.05963495116112, "y": 0.4513240456581116, "z": 295.05003249109933}, "rotation_matrix": [[-0.9988147315025264, 0.04867373145277137, 2.8394685573348344e-19], [2.8394685573348344e-19, 1.835829653588302e-17, -1.0000000000000002], [-0.04867373145277137, -0.9988147315025263, 1.8341947002751306e-17]]}, {"3D_dimension": {"l": 1.4872888326644897, "w": 0.8592574596405029, "h": 1.0795789957046509}, "3D_location": {"x": 57.188368761835164, "y": 0.8389576077461243, "z": 337.3436153635353}, "rotation_matrix": [[0.5696592974718385, 0.8218809432052138, -1.3020903567728558e-18], [-1.3020903567728558e-18, 1.9845782029624416e-17, -1.0000000000000002], [-0.8218809432052138, 0.5696592974718384, -1.9845782029624416e-17]]}, {"3D_dimension": {"l": 3.633375883102417, "w": 1.845113754272461, "h": 1.50146484375}, "3D_location": {"x": 65.37073767215487, "y": 0.6280146837234497, "z": 314.72207522147727}, "rotation_matrix": [[0.03949252857717891, 0.9992198657885966, -1.2356106903385216e-17], [1.5399468712243698e-17, 5.835135013993752e-18, -1.0], [-0.9992198657885966, 0.039492528577178936, -5.835135013993752e-18]]}, {"3D_dimension": {"l": 6.273552894592285, "w": 2.3895740509033203, "h": 2.098191261291504}, "3D_location": {"x": -2.3302838179756584, "y": 0.32965147495269775, "z": 309.4914649450191}, "rotation_matrix": [[-0.03139989874059257, -0.9995069016065274, -3.560488379034142e-18], [-3.560488379034142e-18, -3.9376289467798405e-18, -1.0], [0.9995069016065274, -0.03139989874059256, 3.9376289467798405e-18]]}, {"3D_dimension": {"l": 3.866220712661743, "w": 1.9051965475082397, "h": 1.8779358863830566}, "3D_location": {"x": 65.52558459404295, "y": 0.1522378921508789, "z": 196.4968251630551}, "rotation_matrix": [[0.02863375162083112, 0.9995896009722377, 0.0008590088934469643], [0.029986414107783133, -9.313224093480495e-10, -0.9995503063722988], [-0.9991400918975641, 0.028646633801591263, -0.029974107739254505]]}, {"3D_dimension": {"l": 5.0267767906188965, "w": 2.1515462398529053, "h": 1.6355280876159668}, "3D_location": {"x": 11.324975441411278, "y": 0.5609830617904663, "z": 349.95277712085397}, "rotation_matrix": [[0.9995963249260941, -0.028411040006420297, -4.157871295744581e-19], [4.515746084139455e-19, -1.3573146729240511e-17, -1.0], [0.028411040006420297, 0.9995963249260942, 1.3573146729240511e-17]]}, {"3D_dimension": {"l": 1.4872888326644897, "w": 0.8592574596405029, "h": 1.0795789957046509}, "3D_location": {"x": 75.28768215561838, "y": 0.7288221120834351, "z": 274.39185463655184}, "rotation_matrix": [[-0.031149324482094076, -0.9995146935172787, -0.00031149216610154427], [0.009999465412105906, -5.2670727723956865e-17, -0.9999500040959408], [0.9994647218765559, -0.03115088189859683, 0.00999461260671767]]}, {"3D_dimension": {"l": 4.855708599090576, "w": 2.0327565670013428, "h": 1.6493593454360962}, "3D_location": {"x": -33.41142842504291, "y": 0.5540674328804016, "z": 352.32385555885344}, "rotation_matrix": [[0.999550681255478, -0.029973915355020402, 1.3612152538088616e-19], [1.3612152538088616e-19, -1.988725638344757e-18, -1.0], [0.029973915355020402, 0.999550681255478, 1.988725638344757e-18]]}, {"3D_dimension": {"l": 3.633375883102417, "w": 1.845113754272461, "h": 1.50146484375}, "3D_location": {"x": 22.415987778328446, "y": 0.6280146837234497, "z": 291.3640779160317}, "rotation_matrix": [[-0.9989182963664266, 0.04649986219759767, 2.7985655159804366e-19], [2.7985655159804366e-19, 1.1951618124374141e-17, -0.9999999999999999], [-0.04649986219759767, -0.9989182963664266, 1.1955039778931232e-17]]}, {"3D_dimension": {"l": 4.974244117736816, "w": 2.0384013652801514, "h": 1.5542958974838257}, "3D_location": {"x": -146.2914274632627, "y": 0.6015991568565369, "z": 219.44186695384107}, "rotation_matrix": [[-0.858561184423598, -0.5127111200287628, 8.92063577235382e-18], [-1.8834939843275094e-17, -6.196672269245877e-18, -0.9999999999999999], [0.5127111200287628, -0.858561184423598, -7.422216346613515e-19]]}, {"3D_dimension": {"l": 2.0333523750305176, "w": 0.8025798797607422, "h": 1.1454535722732544}, "3D_location": {"x": 67.90775900146639, "y": 0.6855671852827072, "z": 188.34674587696918}, "rotation_matrix": [[0.030945984345267467, 0.999520866715428, 0.0006189130324951145], [0.019995786295477387, -4.5254838850956064e-17, -0.9998000642780662], [-0.9993210267893535, 0.030952172790279717, -0.019986205648712042]]}, {"3D_dimension": {"l": 3.987684965133667, "w": 1.8508483171463013, "h": 1.6171096563339233}, "3D_location": {"x": 62.99336701375781, "y": 0.570192277431488, "z": 307.5726513385373}, "rotation_matrix": [[0.02987382534039486, 0.9995536776779583, -2.1290267059214945e-18], [-2.1290267059214945e-18, -1.590007118827332e-17, -1.0000000000000002], [-0.9995536776779583, 0.029873825340394945, 1.590007118827332e-17]]}, {"3D_dimension": {"l": 3.987684965133667, "w": 1.8508483171463013, "h": 1.6171096563339233}, "3D_location": {"x": 18.337817007668175, "y": 0.570192277431488, "z": 350.1520754306486}, "rotation_matrix": [[0.9995963249260941, -0.028411040006420297, -4.157871295744581e-19], [4.515746084139455e-19, -1.3573146729240511e-17, -1.0], [0.028411040006420297, 0.9995963249260942, 1.3573146729240511e-17]]}, {"3D_dimension": {"l": 2.2072951793670654, "w": 1.4809197187423706, "h": 1.3787471055984497}, "3D_location": {"x": -39.539718602651114, "y": 0.6893735527992249, "z": 348.50308476932156}, "rotation_matrix": [[0.9995331190093891, -0.03055395233618945, 3.893323156436643e-19], [-4.780294223447393e-19, 2.2438262352328535e-17, -0.9999999999999999], [0.03055395233618945, 0.9995331190093892, -2.2438262352328535e-17]]}, {"3D_dimension": {"l": 2.2072951793670654, "w": 1.4809197187423706, "h": 1.3787471055984497}, "3D_location": {"x": 41.73968539767754, "y": 0.6893735527992249, "z": 291.7129123185728}, "rotation_matrix": [[-0.9987232804173429, 0.050515434793942694, -2.4186508919378043e-19], [-2.4186508919378043e-19, -2.7622735459548313e-17, -0.9999999999999998], [-0.050515434793942694, -0.9987232804173429, -2.7617365228588137e-17]]}, {"3D_dimension": {"l": 4.611005783081055, "w": 2.241713285446167, "h": 1.6672759056091309}, "3D_location": {"x": 47.60625415279998, "y": 0.5451091527938843, "z": 154.3429412495108}, "rotation_matrix": [[0.9997796515783047, -0.020991624281208616, 3.842315444991636e-19], [-4.831301934892399e-19, 2.7533011663535752e-17, -0.9999999999999998], [0.020991624281208616, 0.9997796515783046, -2.7533011663535752e-17]]}, {"3D_dimension": {"l": 4.717525005340576, "w": 1.894826889038086, "h": 1.300939917564392}, "3D_location": {"x": 61.90768139026081, "y": 0.7282771468162537, "z": 332.5705323488478}, "rotation_matrix": [[0.44155407314353023, 0.8972346407101983, 5.699836167036045e-18], [5.699836167036045e-18, 2.6076590526226622e-17, -1.0000000000000004], [-0.8972346407101983, 0.4415540731435301, 2.9434560705031205e-17]]}, {"3D_dimension": {"l": 4.6045098304748535, "w": 1.9315931797027588, "h": 1.8548461198806763}, "3D_location": {"x": 77.45463154329165, "y": 0.2712264657020569, "z": 268.49016287659174}, "rotation_matrix": [[-0.028823787678296943, -0.9995844659120762, -0.0002911548494669016], [0.010100668744513952, 4.656611963444154e-10, -0.9999489869442912], [0.9995334740541661, -0.02882525814749825, 0.010096471558917627]]}, {"3D_dimension": {"l": 4.6045098304748535, "w": 1.9315931797027588, "h": 1.8548461198806763}, "3D_location": {"x": 118.03328818324799, "y": 0.4513240456581116, "z": 294.83707801789325}, "rotation_matrix": [[-0.9713724338137442, -0.23756177054981528, -9.393203705603555e-19], [-9.393203705603555e-19, 2.2323258970266642e-17, -1.0], [0.23756177054981528, -0.9713724338137442, 2.191218966714194e-17]]}, {"3D_dimension": {"l": 1.4872888326644897, "w": 0.8592574596405029, "h": 1.0795789957046509}, "3D_location": {"x": 68.07997967734067, "y": 1.4165686964988708, "z": 107.72753548269604}, "rotation_matrix": [[0.03262385835866016, 0.9994676459342982, 0.000329539597270503], [0.010100668744513938, -7.049528397544478e-17, -0.9999489869442907], [-0.9994166600355967, 0.03262552268626651, -0.01009529161244145]]}, {"3D_dimension": {"l": 4.974244117736816, "w": 2.0384013652801514, "h": 1.5542958974838257}, "3D_location": {"x": -126.72829695868076, "y": -1.0096489787101746, "z": 360.01697249317886}, "rotation_matrix": [[-0.9993803746628944, 0.02897140436395277, 0.019988108160441505], [-0.019996501876916453, -5.457146454241808e-12, -0.9998000499663356], [-0.028965611530565805, -0.999580240765683, 0.000579326747194455]]}, {"3D_dimension": {"l": 5.0267767906188965, "w": 2.1515462398529053, "h": 1.6355280876159668}, "3D_location": {"x": 104.69641231272388, "y": 0.5609830617904663, "z": 295.3734527135145}, "rotation_matrix": [[-0.9988147315025264, 0.04867373145277137, 2.8394685573348344e-19], [2.8394685573348344e-19, 1.835829653588302e-17, -1.0000000000000002], [-0.04867373145277137, -0.9988147315025263, 1.8341947002751306e-17]]}, {"3D_dimension": {"l": 3.805800199508667, "w": 1.97027587890625, "h": 1.4750303030014038}, "3D_location": {"x": 93.1042553134768, "y": 0.6412319540977478, "z": 158.79823262278757}, "rotation_matrix": [[-0.9997780105451322, 0.02106963764323812, 1.189419689231433e-19], [1.189419689231433e-19, 1.0477899421995016e-17, -0.9999999999999999], [-0.02106963764323812, -0.9997780105451323, 1.0481083824865392e-17]]}, {"3D_dimension": {"l": 3.633375883102417, "w": 1.845113754272461, "h": 1.50146484375}, "3D_location": {"x": -0.006142262438273269, "y": 0.6280146837234497, "z": 3.9367909696462524}, "rotation_matrix": [[-0.0028913899667483037, -0.9999958199232936, -3.756286573567831e-19], [-3.756286573567831e-19, -5.2868208572212506e-18, -1.0], [0.9999958199232936, -0.002891389966748226, -2.2468754758407663e-17]]}, {"3D_dimension": {"l": 4.717525005340576, "w": 1.894826889038086, "h": 1.300939917564392}, "3D_location": {"x": 135.66347893690613, "y": 0.7282771468162537, "z": 224.0986109863815}, "rotation_matrix": [[0.5387714356467712, -0.8424519809052127, 7.302846985398984e-19], [7.302846985398984e-19, -1.7736809564942817e-17, -0.9999999999999999], [0.8424519809052127, 0.5387714356467713, 1.7736809564942817e-17]]}, {"3D_dimension": {"l": 5.203838348388672, "w": 2.614572286605835, "h": 2.467444658279419}, "3D_location": {"x": 139.0350486472883, "y": 0.14502477645874023, "z": 260.01000258000613}, "rotation_matrix": [[0.039148315094311596, -0.9992334108832012, -1.223965680133118e-18], [-1.223965680133118e-18, -1.0771213220947233e-17, -0.9999999999999999], [0.9992334108832012, 0.03914831509431162, 1.0771213220947233e-17]]}, {"3D_dimension": {"l": 4.4804368019104, "w": 2.069315195083618, "h": 2.0377910137176514}, "3D_location": {"x": 47.00250403854982, "y": 0.359851598739624, "z": 293.94219701047183}, "rotation_matrix": [[-0.7565276367483401, 0.6539617227605694, -4.964054682467667e-18], [-4.964054682467667e-18, -5.827782983473035e-18, -1.0000000000000002], [-0.6539617227605694, -0.7565276367483401, -8.050004824341423e-18]]}, {"3D_dimension": {"l": 4.901683330535889, "w": 2.128324270248413, "h": 1.5107464790344238}, "3D_location": {"x": 73.13857336981403, "y": 0.5188426151871681, "z": 274.87994873727035}, "rotation_matrix": [[-0.030132924971517996, -0.999545854897426, -0.00030131384774090004], [0.009998988979761932, 1.1871061431316366e-18, -0.9999500088601344], [0.9994958864607916, -0.03013443142609427, 0.009994447987886068]]}, {"3D_dimension": {"l": 3.987684965133667, "w": 1.8508483171463013, "h": 1.6171096563339233}, "3D_location": {"x": -192.84891453673296, "y": -2.2766721844673157, "z": 355.140994616471}, "rotation_matrix": [[-0.9665251074971912, 0.2564084992709265, -0.009159589465395053], [0.009476399609129216, -1.1641514242650765e-10, -0.9999550979171258], [-0.25639698599630883, -0.9665685084367438, -0.002429829289750249]]}, {"3D_dimension": {"l": 1.8354405164718628, "w": 0.0, "h": 1.1256572008132935}, "3D_location": {"x": 9.69823138619514, "y": 0.815918505191803, "z": 289.2256769369584}, "rotation_matrix": [[-0.9989204747937163, 0.04645304121256861, 5.626185314040548e-19], [-1.1721049445727523e-18, 2.1527065131332978e-17, -1.0], [-0.04645304121256861, -0.9989204747937164, 2.1515761116341548e-17]]}, {"3D_dimension": {"l": 3.866220712661743, "w": 1.9051965475082397, "h": 1.8779358863830566}, "3D_location": {"x": -3.506605504766788, "y": 0.4397791624069214, "z": 3.825948366558749}, "rotation_matrix": [[-0.003074614634289994, -0.9999952733612548, -3.1080896102155575e-18], [-3.1080896102155575e-18, 2.175487698845143e-17, -1.0000000000000002], [0.9999952733612548, -0.0030746146342900344, 6.000698627177484e-18]]}, {"3D_dimension": {"l": 4.791779518127441, "w": 2.163450002670288, "h": 1.488319993019104}, "3D_location": {"x": 103.36212055810111, "y": 0.6345871090888977, "z": 298.81315955776853}, "rotation_matrix": [[-0.9988156646260198, 0.04865457941121479, -5.268789884276872e-19], [1.20784448754912e-18, 8.500972459303714e-18, -0.9999999999999999], [-0.04865457941121479, -0.9988156646260199, 8.521001648718706e-18]]}, {"3D_dimension": {"l": 4.611005783081055, "w": 2.241713285446167, "h": 1.6672759056091309}, "3D_location": {"x": 62.048643010321015, "y": 0.5451091527938843, "z": 321.0730626193102}, "rotation_matrix": [[0.18385695495538046, 0.9829530101253746, -8.996969568763493e-18], [1.875860604686542e-17, 1.0159804341064473e-17, -0.9999999999999998], [-0.9829530101253746, 0.18385695495538043, -1.0159804341064473e-17]]}, {"3D_dimension": {"l": 2.0333523750305176, "w": 0.8025798797607422, "h": 1.1454535722732544}, "3D_location": {"x": 96.08092657682255, "y": 0.8060203194618225, "z": 298.45849933475205}, "rotation_matrix": [[-0.9988156646260198, 0.04865457941121479, -5.268789884276872e-19], [1.20784448754912e-18, 8.500972459303714e-18, -0.9999999999999999], [-0.04865457941121479, -0.9988156646260199, 8.521001648718706e-18]]}, {"3D_dimension": {"l": 2.2072951793670654, "w": 1.4809197187423706, "h": 1.3787471055984497}, "3D_location": {"x": 41.63427623405642, "y": 0.6893735527992249, "z": 293.97962711537264}, "rotation_matrix": [[-0.9987237376758351, 0.0505063936824787, -6.348795096260964e-19], [1.0998439663507107e-18, 1.2904416486193106e-17, -1.0], [-0.0505063936824787, -0.9987237376758351, 1.28995952189619e-17]]}, {"3D_dimension": {"l": 4.901683330535889, "w": 2.128324270248413, "h": 1.5107464790344238}, "3D_location": {"x": 66.02809955461365, "y": 0.6233738660812378, "z": 322.20622680078696}, "rotation_matrix": [[0.1992498441650128, 0.9799487229443272, -1.2331913373277301e-17], [1.5423662242351612e-17, 5.745328456771722e-18, -0.9999999999999998], [-0.9799487229443272, 0.1992498441650128, -5.745328456771722e-18]]}, {"3D_dimension": {"l": 3.805800199508667, "w": 1.97027587890625, "h": 1.4750303030014038}, "3D_location": {"x": 78.96218532094429, "y": -0.1265614628791809, "z": 216.3709335370378}, "rotation_matrix": [[-0.028689389503458243, -0.9995883335704074, 0.0002869143682436564], [-0.010000181100863134, -9.313225086812428e-10, -0.9999499969388219], [0.9995383510940783, -0.028690824141802664, -0.009996064335294999]]}, {"3D_dimension": {"l": 5.357479572296143, "w": 2.033203125, "h": 1.4106584787368774}, "3D_location": {"x": 129.1223837185001, "y": 0.673417866230011, "z": 288.61268795648436}, "rotation_matrix": [[-0.7273021034061792, -0.6863174559786072, -3.512904488470346e-18], [-3.512904488470346e-18, 2.2109457267936377e-17, -1.0], [0.6863174559786072, -0.7273021034061792, 1.9523906155506993e-17]]}, {"3D_dimension": {"l": 4.791779518127441, "w": 2.163450002670288, "h": 1.488319993019104}, "3D_location": {"x": 59.989132612536544, "y": 0.6345871090888977, "z": 328.25098290189516}, "rotation_matrix": [[0.36667343115006645, 0.9303497164446483, -1.9230135765179394e-18], [-1.9230135765179394e-18, -5.136909245354837e-18, -1.0], [-0.9303497164446483, 0.3666734311500665, 5.136909245354837e-18]]}, {"3D_dimension": {"l": 4.513522624969482, "w": 2.006814479827881, "h": 1.5248334407806396}, "3D_location": {"x": 15.819154512820285, "y": 0.6163303852081299, "z": 291.04218750444744}, "rotation_matrix": [[-0.9988157165566743, 0.04865351333025073, -7.442121816811589e-19], [9.905112942956481e-19, 2.2065013274398732e-17, -0.9999999999999999], [-0.04865351333025073, -0.9988157165566743, 2.2062015145761298e-17]]}, {"3D_dimension": {"l": 5.0267767906188965, "w": 2.1515462398529053, "h": 1.6355280876159668}, "3D_location": {"x": -0.6075089442414539, "y": 0.5609830617904663, "z": 123.72571842487334}, "rotation_matrix": [[0.23243970617957851, -0.9726108075644394, -7.056736014024863e-18], [2.069883960160405e-17, 4.89521611238371e-18, -0.9999999999999999], [0.9726108075644394, 0.2324397061795785, -4.89521611238371e-18]]}, {"3D_dimension": {"l": 4.855708599090576, "w": 2.0327565670013428, "h": 1.6493593454360962}, "3D_location": {"x": 133.5114795656784, "y": 0.5540674328804016, "z": 283.24430229196736}, "rotation_matrix": [[-0.5432329435160966, -0.8395820204594888, 1.992265018734579e-18], [1.992265018734579e-18, 2.4035651584105038e-18, -1.0], [0.8395820204594888, -0.5432329435160966, -2.4035651584105038e-18]]}, {"3D_dimension": {"l": 3.866220712661743, "w": 1.9051965475082397, "h": 1.8779358863830566}, "3D_location": {"x": 49.88968737772273, "y": 0.4397791624069214, "z": 342.6496933735628}, "rotation_matrix": [[0.8149318855246929, 0.5795567461044427, -1.2673841253810306e-17], [1.5081734361818608e-17, 2.940612394987593e-17, -1.0000000000000002], [-0.5795567461044427, 0.8149318855246929, 2.6105027281381895e-17]]}, {"3D_dimension": {"l": 5.0267767906188965, "w": 2.1515462398529053, "h": 1.6355280876159668}, "3D_location": {"x": 54.44985338971789, "y": 0.5609830617904663, "z": 337.2782653555033}, "rotation_matrix": [[0.6026517319893608, 0.7980043169872099, -1.2395814576886876e-17], [1.5359761038742037e-17, 7.69448580244164e-18, -0.9999999999999998], [-0.7980043169872099, 0.6026517319893608, -7.69448580244164e-18]]}, {"3D_dimension": {"l": 5.357479572296143, "w": 2.033203125, "h": 1.4106584787368774}, "3D_location": {"x": 14.456778281368814, "y": 0.673417866230011, "z": 329.13496159638225}, "rotation_matrix": [[0.9093882178627155, -0.41594839729523375, -1.1664016505105333e-19], [-1.1664016505105333e-19, 1.5004307290332664e-17, -0.9999999999999997], [0.41594839729523375, 0.9093882178627155, -1.5004307290332664e-17]]}, {"3D_dimension": {"l": 1.8354405164718628, "w": 0.0, "h": 1.1256572008132935}, "3D_location": {"x": 64.62336405336656, "y": 0.815918505191803, "z": 318.3077429460299}, "rotation_matrix": [[0.10657465969931382, 0.9943047027496025, 9.62696598287915e-18], [-1.8128609632749764e-17, -1.3324682979088177e-17, -1.0], [-0.9943047027496025, 0.10657465969931386, 1.3324682979088177e-17]]}, {"3D_dimension": {"l": 4.4804368019104, "w": 2.069315195083618, "h": 2.0377910137176514}, "3D_location": {"x": -6.0898217524460625, "y": 0.3128081411123276, "z": 24.569076866627746}, "rotation_matrix": [[-0.9999847874809612, 0.0045835505027313015, 0.0030685291991523777], [-0.003068561432925846, -1.6428775757212454e-18, -0.9999952919542835], [-0.00458352892316599, -0.999989495477222, 1.4064906298531888e-05]]}, {"3D_dimension": {"l": 6.273552894592285, "w": 2.3895740509033203, "h": 2.098191261291504}, "3D_location": {"x": 90.93087627947152, "y": 0.32965147495269775, "z": 294.7026280914243}, "rotation_matrix": [[-0.9988147315025264, 0.04867373145277137, 2.8394685573348344e-19], [2.8394685573348344e-19, 1.835829653588302e-17, -1.0000000000000002], [-0.04867373145277137, -0.9988147315025263, 1.8341947002751306e-17]]}, {"3D_dimension": {"l": 4.181210041046143, "w": 1.9941171407699585, "h": 1.385296106338501}, "3D_location": {"x": 4.509017881200381, "y": 0.6860990524291992, "z": 352.78068003620666}, "rotation_matrix": [[0.9831313132676078, -0.1829011232133609, -2.961437468627017e-18], [3.9774564352802115e-18, 7.361493797301591e-18, -1.0000000000000002], [0.1829011232133609, 0.9831313132676078, -7.361493797301591e-18]]}, {"3D_dimension": {"l": 2.2094459533691406, "w": 0.8670341968536377, "h": 1.2511454820632935}, "3D_location": {"x": 53.11269021116477, "y": 0.753174364566803, "z": 344.7757636847073}, "rotation_matrix": [[0.7331425651769659, 0.6800749805173972, 1.0148708121433388e-17], [-1.7606867494195526e-17, 2.828335965719942e-17, -0.9999999999999999], [-0.6800749805173972, 0.7331425651769659, 2.7227791574058406e-17]]}, {"3D_dimension": {"l": 2.3557403087615967, "w": 0.7636788487434387, "h": 1.2765706777572632}, "3D_location": {"x": 107.04876270323935, "y": 0.7404617667198181, "z": 159.08902719164237}, "rotation_matrix": [[-0.9997622091584756, 0.021806538894664173, 2.3981480307323916e-19], [-6.275469349151644e-19, -7.736988703048851e-19, -1.0], [-0.021806538894664173, -0.9997622091584755, -7.712892254869587e-19]]}, {"3D_dimension": {"l": 1.4872888326644897, "w": 0.8592574596405029, "h": 1.0795789957046509}, "3D_location": {"x": 58.48262734193998, "y": 0.8389576077461243, "z": 335.3519501737228}, "rotation_matrix": [[0.522975447278557, 0.8523477468403335, 1.069554367872407e-17], [-1.7060031936904843e-17, 2.2087324241314226e-18, -1.0], [-0.8523477468403335, 0.5229754472785569, -2.2087324241314226e-18]]}, {"3D_dimension": {"l": 1.4872888326644897, "w": 0.8592574596405029, "h": 1.0795789957046509}, "3D_location": {"x": -104.73931143315474, "y": 0.7089576125144958, "z": 161.24437739887534}, "rotation_matrix": [[-0.9999560746284685, 0.009372769794720254, 2.049847845752244e-19], [-2.286960844189774e-19, 1.5795109602822498e-17, -1.0], [-0.009372769794720254, -0.9999560746284685, 1.5795831197973888e-17]]}, {"3D_dimension": {"l": 4.181210041046143, "w": 1.9941171407699585, "h": 1.385296106338501}, "3D_location": {"x": -5.863150820037417, "y": 0.6860990524291992, "z": 310.4792110543676}, "rotation_matrix": [[-0.03139989874059257, -0.9995069016065274, -3.560488379034142e-18], [-3.560488379034142e-18, -3.9376289467798405e-18, -1.0], [0.9995069016065274, -0.03139989874059256, 3.9376289467798405e-18]]}, {"3D_dimension": {"l": 5.0267767906188965, "w": 2.1515462398529053, "h": 1.6355280876159668}, "3D_location": {"x": -6.083750871218722, "y": 0.5609830617904663, "z": 303.41130772424094}, "rotation_matrix": [[0.14443280776774647, -0.989514610321811, -3.826355041801094e-19], [-3.826355041801094e-19, 6.808780059988549e-18, -1.0], [0.989514610321811, 0.14443280776774647, -6.808780059988549e-18]]}, {"3D_dimension": {"l": 2.2072951793670654, "w": 1.4809197187423706, "h": 1.3787471055984497}, "3D_location": {"x": -34.45386912571816, "y": 0.6893735527992249, "z": 285.91055849844065}, "rotation_matrix": [[0.9991240942983068, -0.04184547995409388, -2.0474467474815418e-19], [-2.0474467474815418e-19, 8.23500370668287e-18, -1.0000000000000002], [0.04184547995409388, 0.9991240942983068, -8.23500370668287e-18]]}, {"3D_dimension": {"l": 4.855708599090576, "w": 2.0327565670013428, "h": 1.6493593454360962}, "3D_location": {"x": -40.77004188274752, "y": 0.5540674328804016, "z": 285.6499279374454}, "rotation_matrix": [[0.9992007715843748, -0.0399727165100152, -2.413906255884666e-19], [-2.413906255884666e-19, -4.69252885738312e-19, -1.0], [0.0399727165100152, 0.9992007715843749, 4.69252885738312e-19]]}, {"3D_dimension": {"l": 2.2072951793670654, "w": 1.4809197187423706, "h": 1.3787471055984497}, "3D_location": {"x": 69.85023455266825, "y": 0.5673326179385185, "z": 188.4768190511444}, "rotation_matrix": [[0.030593752377267316, 0.9995317143204889, 0.0006118684688766374], [0.01999578629547733, -3.961288158501359e-17, -0.9998000642780664], [-0.9993318722255906, 0.030599870384443666, -0.019986422555104567]]}, {"3D_dimension": {"l": 2.3557403087615967, "w": 0.7636788487434387, "h": 1.2765706777572632}, "3D_location": {"x": 9.880848298065988, "y": 0.7404617667198181, "z": 290.75289711814014}, "rotation_matrix": [[-0.9988361004315744, 0.04823322998354973, 4.555792778214268e-19], [-1.2791441981553803e-18, -4.258167627587926e-18, -1.0], [-0.04823322998354973, -0.9988361004315744, -4.252819426423284e-18]]}, {"3D_dimension": {"l": 3.633375883102417, "w": 1.845113754272461, "h": 1.50146484375}, "3D_location": {"x": 10.868417548956236, "y": 0.6280146837234497, "z": 353.4412241217104}, "rotation_matrix": [[0.9995963097933172, -0.028411572423624357, -2.7402494755720993e-19], [5.933367904311936e-19, 1.7300713684063973e-17, -1.0], [0.028411572423624357, 0.999596309793317, -1.7300713684063973e-17]]}, {"3D_dimension": {"l": 3.866220712661743, "w": 1.9051965475082397, "h": 1.8779358863830566}, "3D_location": {"x": 28.20440371754364, "y": 0.4397791624069214, "z": 294.1670851370063}, "rotation_matrix": [[-0.9987944760446618, 0.049087621888511845, -2.4155925968035155e-19], [-2.4155925968035155e-19, -1.735787494770429e-17, -1.0], [-0.049087621888511845, -0.9987944760446616, -1.7390804680456126e-17]]}]